// Experience Tables [Renewal]

// Supports up to base level 1000 and job level 255 (excluding Novice/High Novice).
//
// Structure of Database:
// Max Level,Class list,Type,Exp for Lv 1,2,3,4,5,6,7,8,9,10,11,12,13,14,15,16,17,18,19,20,21,22,23,24,25,26,27,28,29,30,31,32,33,34,35,36,37,38,39,40,41,42,43,44,45,46,47,48,49,50,51,52,53,54,55,56,57,58,59,60,61,62,63,64,65,66,67,68,69,70,71,72,73,74,75,76,77,78,79,80,81,82,83,84,85,86,87,88,89,90,91,92,93,94,95,96,97,98
//
// Type:
//	0 = Base Exp, 1 = Job Exp

//Base - B100 M1.2
50,0:30:31:32,0,100,120,144,173,208,250,300,360,432,518,622,746,895,1074,1289,1547,1856,2227,2672,3206,3847,4616,5539,6647,7976,9571,11485,13782,16538,19846,23815,28578,34294,41153,49384,59261,71113,85336,102403,122884,147461,176953,212344,254813,305776,366931,440317,528380,634056,760867

1,0,1,100

//Job - B30 M1.13
100,30:31:32,1,30,34,38,43,49,55,62,70,79,89,101,114,129,146,165,186,210,237,268,303,342,386,436,493,557,629,711,803,907,1025,1158,1309,1479,1671,1888,2133,2410,2723,3077,3477,3929,4440,5017,5669,6406,7239,8180,9243,10445,11803,13337,15071,17030,19244,21746,24573,27767,31377,35456,40065,45273,51158,57809,65324,73816,83412,94256,106509,120355,136001,153681,173660,196236,221747,250574,283149,319958,361553,408555,461667,521684,589503,666138,752736,850592,961169,1086121,1227317,1386868,1567161,1770892,2001108,2261252,2555215,2887393,3262754,3686912,4166211,4707818,5319834