//JobNo,Skill-ID,MaxLV{,JobLV},Prerequisite Skill-ID-1,Prerequisite Skill-ID-1-Lv,PrereqSkill-ID-2,PrereqSkill-ID-2-Lv,PrereqSkill-ID-3,PrereqSkill-ID-3-Lv,PrereqSkill-ID-4,PrereqSkill-ID-4-Lv,PrereqSkill-ID-5,PrereqSkill-ID-5-Lv//CLASS_SKILLNAME#Skill Name#

//COMMON
33,26,1,0,0,0,0,0,0,0,0,0,0 //Teleportation
33,54,1,0,0,0,0,0,0,0,0,0,0 //Recucitate
33,4014,1,0,0,0,0,0,0,0,0,0,0 //First Aid

//SWD 1
1,4062,1,0,0,0,0,0,0,0,0,0,0 //SWD Soul

1,4063,5,0,0,0,0,0,0,0,0,0,0 //Hardhearted
1,4064,5,0,0,0,0,0,0,0,0,0,0 //Dauntless
1,4065,5,0,0,0,0,0,0,0,0,0,0 //Maintenance
1,4066,5,0,0,0,0,0,0,0,0,0,0 //Pavise

1,4067,5,0,0,0,0,0,0,0,0,0,0 //Swashbuckling
1,4068,5,0,0,0,0,0,0,0,0,0,0 //Second Wind
1,4069,5,0,0,0,0,0,0,0,0,0,0 //Eye To Eye
1,4070,5,0,0,0,0,0,0,0,0,0,0 //Endure

1,4071,5,0,0,0,0,0,0,0,0,0,0 //Umbo Blow
1,4072,5,0,0,0,0,0,0,0,0,0,0 //Shield Boomerang
1,4073,5,0,0,0,0,0,0,0,0,0,0 //Hilt Bash
1,4074,5,0,0,0,0,0,0,0,0,0,0 //Heavy Swing
1,4075,5,0,0,0,0,0,0,0,0,0,0 //Sledgehammer

//SWD 2
2,4062,1,0,0,0,0,0,0,0,0,0,0 //SWD Soul

2,4063,10,0,0,0,0,0,0,0,0,0,0 //Hardhearted
2,4064,10,0,0,0,0,0,0,0,0,0,0 //Dauntless
2,4065,10,0,0,0,0,0,0,0,0,0,0 //Maintenance
2,4066,10,0,0,0,0,0,0,0,0,0,0 //Pavise

2,4067,10,0,0,0,0,0,0,0,0,0,0 //Swashbuckling
2,4068,10,0,0,0,0,0,0,0,0,0,0 //Second Wind
2,4069,10,0,0,0,0,0,0,0,0,0,0 //Eye To Eye
2,4070,10,0,0,0,0,0,0,0,0,0,0 //Endure

2,4071,10,0,0,0,0,0,0,0,0,0,0 //Umbo Blow
2,4072,10,0,0,0,0,0,0,0,0,0,0 //Shield Boomerang
2,4073,10,0,0,0,0,0,0,0,0,0,0 //Hilt Bash
2,4074,10,0,0,0,0,0,0,0,0,0,0 //Heavy Swing
2,4075,10,0,0,0,0,0,0,0,0,0,0 //Sledgehammer

//SWD 3
3,4062,1,0,0,0,0,0,0,0,0,0,0 //SWD Soul

3,4063,15,0,0,0,0,0,0,0,0,0,0 //Hardhearted
3,4064,15,0,0,0,0,0,0,0,0,0,0 //Dauntless
3,4065,15,0,0,0,0,0,0,0,0,0,0 //Maintenance
3,4066,15,0,0,0,0,0,0,0,0,0,0 //Pavise

3,4067,15,0,0,0,0,0,0,0,0,0,0 //Swashbuckling
3,4068,15,0,0,0,0,0,0,0,0,0,0 //Second Wind
3,4069,15,0,0,0,0,0,0,0,0,0,0 //Eye To Eye
3,4070,15,0,0,0,0,0,0,0,0,0,0 //Endure

3,4071,15,0,0,0,0,0,0,0,0,0,0 //Umbo Blow
3,4072,15,0,0,0,0,0,0,0,0,0,0 //Shield Boomerang
3,4073,15,0,0,0,0,0,0,0,0,0,0 //Hilt Bash
3,4074,15,0,0,0,0,0,0,0,0,0,0 //Heavy Swing
3,4075,15,0,0,0,0,0,0,0,0,0,0 //Sledgehammer


//THF 1
4,4076,1,0,0,0,0,0,0,0,0,0,0 //THF Soul

4,4077,5,0,0,0,0,0,0,0,0,0,0 //Quick Hands
4,4078,5,0,0,0,0,0,0,0,0,0,0 //Reflexes
4,4079,5,0,0,0,0,0,0,0,0,0,0 //Merciless
4,4080,5,0,0,0,0,0,0,0,0,0,0 //Adrenaline Rush

4,4081,5,0,0,0,0,0,0,0,0,0,0 //Camouflage
4,4082,5,0,0,0,0,0,0,0,0,0,0 //Double Team

4,4083,5,0,0,0,0,0,0,0,0,0,0 //Sonic Strike
4,4084,5,0,0,0,0,0,0,0,0,0,0 //Bonecutter
4,4085,5,0,0,0,0,0,0,0,0,0,0 //Blade Flourish
4,4086,5,0,0,0,0,0,0,0,0,0,0 //Hamstring
4,4087,5,0,0,0,0,0,0,0,0,0,0 //Stifle
4,4088,5,0,0,0,0,0,0,0,0,0,0 //Puncture

//THF 2
5,4076,1,0,0,0,0,0,0,0,0,0,0 //THF Soul

5,4077,10,0,0,0,0,0,0,0,0,0,0 //Quick Hands
5,4078,10,0,0,0,0,0,0,0,0,0,0 //Reflexes
5,4079,10,0,0,0,0,0,0,0,0,0,0 //Merciless
5,4080,10,0,0,0,0,0,0,0,0,0,0 //Adrenaline Rush

5,4081,10,0,0,0,0,0,0,0,0,0,0 //Camouflage
5,4082,10,0,0,0,0,0,0,0,0,0,0 //Double Team

5,4083,10,0,0,0,0,0,0,0,0,0,0 //Sonic Strike
5,4084,10,0,0,0,0,0,0,0,0,0,0 //Bonecutter
5,4085,10,0,0,0,0,0,0,0,0,0,0 //Blade Flourish
5,4086,10,0,0,0,0,0,0,0,0,0,0 //Hamstring
5,4087,10,0,0,0,0,0,0,0,0,0,0 //Stifle
5,4088,10,0,0,0,0,0,0,0,0,0,0 //Puncture

//THF 3
6,4076,1,0,0,0,0,0,0,0,0,0,0 //THF Soul

6,4077,15,0,0,0,0,0,0,0,0,0,0 //Quick Hands
6,4078,15,0,0,0,0,0,0,0,0,0,0 //Reflexes
6,4079,15,0,0,0,0,0,0,0,0,0,0 //Merciless
6,4080,15,0,0,0,0,0,0,0,0,0,0 //Adrenaline Rush

6,4081,15,0,0,0,0,0,0,0,0,0,0 //Camouflage
6,4082,15,0,0,0,0,0,0,0,0,0,0 //Double Team

6,4083,15,0,0,0,0,0,0,0,0,0,0 //Sonic Strike
6,4084,15,0,0,0,0,0,0,0,0,0,0 //Bonecutter
6,4085,15,0,0,0,0,0,0,0,0,0,0 //Blade Flourish
6,4086,15,0,0,0,0,0,0,0,0,0,0 //Hamstring
6,4087,15,0,0,0,0,0,0,0,0,0,0 //Stifle
6,4088,15,0,0,0,0,0,0,0,0,0,0 //Puncture





0,26,1,0,0,0,0,0,0,0,0,0,0 //Teleportation
0,54,1,0,0,0,0,0,0,0,0,0,0 //Recucitate
0,4014,1,0,0,0,0,0,0,0,0,0,0 //First Aid
0,4015,10,0,0,0,0,0,0,0,0,0,0 //Tenacity
0,4016,10,0,0,0,0,0,0,0,0,0,0 //Brutality
0,4017,10,0,0,0,0,0,0,0,0,0,0 //Power
0,4018,10,0,0,0,0,0,0,0,0,0,0 //Focus
0,4019,10,0,0,0,0,0,0,0,0,0,0 //Reflexes
0,4020,10,0,0,0,0,0,0,0,0,0,0 //Finesse
0,4021,10,0,0,0,0,0,0,0,0,0,0 //Iron Will
0,4022,10,0,0,0,0,0,0,0,0,0,0 //Endurance
0,4023,10,0,0,0,0,0,0,0,0,0,0 //Clarity
0,4024,10,0,0,0,0,0,0,0,0,0,0 //Featherfoot


30,26,1,0,0,0,0,0,0,0,0,0,0 //Teleportation
30,54,1,0,0,0,0,0,0,0,0,0,0 //Recucitate
30,4014,1,0,0,0,0,0,0,0,0,0,0 //First Aid
30,4015,10,0,0,0,0,0,0,0,0,0,0 //Tenacity
30,4016,10,0,0,0,0,0,0,0,0,0,0 //Brutality
30,4017,10,0,0,0,0,0,0,0,0,0,0 //Power
30,4018,10,0,0,0,0,0,0,0,0,0,0 //Focus
30,4019,10,0,0,0,0,0,0,0,0,0,0 //Reflexes
30,4020,10,0,0,0,0,0,0,0,0,0,0 //Finesse
30,4021,10,0,0,0,0,0,0,0,0,0,0 //Iron Will
30,4022,10,0,0,0,0,0,0,0,0,0,0 //Endurance
30,4023,10,0,0,0,0,0,0,0,0,0,0 //Clarity
30,4024,10,0,0,0,0,0,0,0,0,0,0 //Featherfoot
30,4000,1,0,0,0,0,0,0,0,0,0,0 //Invoke
30,4001,50,0,0,0,0,0,0,0,0,0,0 //Ice
30,4002,50,0,0,0,0,0,0,0,0,0,0 //Fire
30,4003,50,0,0,0,0,0,0,0,0,0,0 //Wind
30,4004,0,0,0,0,0,0,0,0,0,0,0 // Rejuvenate
30,4005,0,0,0,0,0,0,0,0,0,0,0 // Invigorate
30,4006,0,0,0,0,0,0,0,0,0,0,0 // Call Sentinel
30,4007,0,0,0,0,0,0,0,0,0,0,0 // Arcane Cannon
30,4008,0,0,0,0,0,0,0,0,0,0,0 // Surge
30,4009,0,0,0,0,0,0,0,0,0,0,0 // Plasma Field
30,4010,0,0,0,0,0,0,0,0,0,0,0 // Arcane Vortex
30,4011,0,0,0,0,0,0,0,0,0,0,0 // Flash Freeze
30,4012,0,0,0,0,0,0,0,0,0,0,0 // Energize
30,4013,0,0,0,0,0,0,0,0,0,0,0 // Phasewalk

31,26,1,0,0,0,0,0,0,0,0,0,0 //Teleportation
31,54,1,0,0,0,0,0,0,0,0,0,0 //Recucitate
31,4014,1,0,0,0,0,0,0,0,0,0,0 //First Aid
31,4015,10,0,0,0,0,0,0,0,0,0,0 //Tenacity
31,4016,10,0,0,0,0,0,0,0,0,0,0 //Brutality
31,4017,10,0,0,0,0,0,0,0,0,0,0 //Power
31,4018,10,0,0,0,0,0,0,0,0,0,0 //Focus
31,4019,10,0,0,0,0,0,0,0,0,0,0 //Reflexes
31,4020,10,0,0,0,0,0,0,0,0,0,0 //Finesse
31,4021,10,0,0,0,0,0,0,0,0,0,0 //Iron Will
31,4022,10,0,0,0,0,0,0,0,0,0,0 //Endurance
31,4023,10,0,0,0,0,0,0,0,0,0,0 //Clarity
31,4024,10,0,0,0,0,0,0,0,0,0,0 //Featherfoot
31,4025,10,0,0,0,0,0,0,0,0,0,0 // Shieldbearer
31,4026,10,0,0,0,0,0,0,0,0,0,0 // Deftduelist
31,4027,10,0,0,0,0,0,0,0,0,0,0 // Monkey Grip
31,4028,10,0,0,0,0,0,0,0,0,0,0 // Twinhand
31,4029,10,0,0,0,0,0,0,0,0,0,0 // Hardhearted
31,4030,5,0,0,0,0,0,0,0,0,0,0 // Sunder
31,4031,5,0,0,0,0,0,0,0,0,0,0 // Hilt Bash
31,4032,5,0,0,0,0,0,0,0,0,0,0 // Cleave
31,4033,5,0,0,0,0,0,0,0,0,0,0 // Pile Bunker
31,4034,5,0,0,0,0,0,0,0,0,0,0 // Echo Blade
31,62,5,0,0,0,0,0,0,0,0,0,0 // Bowling Bash
31,6,5,0,0,0,0,0,0,0,0,0,0 // Taunt
31,255,5,0,0,0,0,0,0,0,0,0,0 // Cover
31,4035,5,0,0,0,0,0,0,0,0,0,0 // Bulwark Boomerang
31,4036,5,0,0,0,0,0,0,0,0,0,0 // Bulwark Blitz
31,4037,5,0,0,0,0,0,0,0,0,0,0 // Bulwark Bash

32,26,1,0,0,0,0,0,0,0,0,0,0 //Teleportation
32,54,1,0,0,0,0,0,0,0,0,0,0 //Recucitate
32,4014,1,0,0,0,0,0,0,0,0,0,0 //First Aid
32,4015,10,0,0,0,0,0,0,0,0,0,0 //Tenacity
32,4016,10,0,0,0,0,0,0,0,0,0,0 //Brutality
32,4017,10,0,0,0,0,0,0,0,0,0,0 //Power
32,4018,10,0,0,0,0,0,0,0,0,0,0 //Focus
32,4019,10,0,0,0,0,0,0,0,0,0,0 //Reflexes
32,4020,10,0,0,0,0,0,0,0,0,0,0 //Finesse
32,4021,10,0,0,0,0,0,0,0,0,0,0 //Iron Will
32,4022,10,0,0,0,0,0,0,0,0,0,0 //Endurance
32,4023,10,0,0,0,0,0,0,0,0,0,0 //Clarity
32,4024,10,0,0,0,0,0,0,0,0,0,0 //Featherfoot
32,4040,10,0,0,0,0,0,0,0,0,0,0 // Immunity
32,4041,10,0,0,0,0,0,0,0,0,0,0 // Leyline Walker
32,4042,10,0,0,0,0,0,0,0,0,0,0 // Stonestance
32,4043,10,0,0,0,0,0,0,0,0,0,0 // Natural Cure
32,4044,10,0,0,0,0,0,0,0,0,0,0 // Poison Imprint
32,4045,10,0,0,0,0,0,0,0,0,0,0 // Earthen Shield
32,4046,5,0,0,0,0,0,0,0,0,0,0 // Sludge Bomb
32,4047,5,0,0,0,0,0,0,0,0,0,0 // Poison Blow
32,4048,5,0,0,0,0,0,0,0,0,0,0 // Toxic Deluge
32,4049,10,0,0,0,0,0,0,0,0,0,0 // Expunge
32,4050,5,0,0,0,0,0,0,0,0,0,0 // Terraspine
32,4051,5,0,0,0,0,0,0,0,0,0,0 // Heaven's Drive
32,4052,5,0,0,0,0,0,0,0,0,0,0 // Ground Rift
32,4053,10,0,0,0,0,0,0,0,0,0,0 // Earth Shudder